maximize
obj: 1 x_obj_UZqfFSkV1s8dLn_1_ + 1 x_obj_g2whFgLDMC1uYY_2_ + 1 x_obj_qo9Q3SYNTLgl0o_3_ + 1 x_obj_qEAvTomd2BJow8_4_ + 1 x_obj_3p0w5wCHcMC2wA_5_ + 1 x_obj_RQ29DeIMN8D0kg_6_ + 1 x_obj_3zMlfrBqAuL6iK_7_ + 1 x_obj_Wn6Ojkvyrqm6Vr_8_ + 1 x_obj_DU2SS5NyGnHYJO_9_ + 1 x_obj_tSooYI5ByTAPi_10_
subject to
con_con_LteHQrlksvcDzb_1_: 0.22862230513592285 x_obj_UZqfFSkV1s8dLn_1_ + 0.35204849723877363 x_obj_g2whFgLDMC1uYY_2_ + 0.9861939597493656 x_obj_qo9Q3SYNTLgl0o_3_ + 0.7967481078166276 x_obj_qEAvTomd2BJow8_4_ + 0.7250398038074617 x_obj_3p0w5wCHcMC2wA_5_ + 0.5577751622520339 x_obj_RQ29DeIMN8D0kg_6_ + 0.3647514989851832 x_obj_3zMlfrBqAuL6iK_7_ + 0.17554900663973383 x_obj_Wn6Ojkvyrqm6Vr_8_ + 0.6570268572369196 x_obj_DU2SS5NyGnHYJO_9_ + 0.09615564941283838 x_obj_tSooYI5ByTAPi_10_ <= 1.4635839795608858
con_con_qKSFlk7IN2wy48_2_: 0.7349171809453636 x_obj_UZqfFSkV1s8dLn_1_ + 0.5324492279308721 x_obj_g2whFgLDMC1uYY_2_ + 0.46770597426649774 x_obj_qo9Q3SYNTLgl0o_3_ + 0.09431697546414042 x_obj_qEAvTomd2BJow8_4_ + 0.5241429337125074 x_obj_3p0w5wCHcMC2wA_5_ + 0.6451465259004143 x_obj_RQ29DeIMN8D0kg_6_ + 0.6100741595616939 x_obj_3zMlfrBqAuL6iK_7_ + 0.07952455686371307 x_obj_Wn6Ojkvyrqm6Vr_8_ + 0.8200973837104366 x_obj_DU2SS5NyGnHYJO_9_ + 0.09268896635415924 x_obj_tSooYI5ByTAPi_10_ <= 1.0023820803603158
con_con_rC3uP1arty3uNI_3_: 0.9169139217157491 x_obj_UZqfFSkV1s8dLn_1_ + 0.12816512548398884 x_obj_g2whFgLDMC1uYY_2_ + 0.9897844237734263 x_obj_qo9Q3SYNTLgl0o_3_ + 0.3412786929687246 x_obj_qEAvTomd2BJow8_4_ + 0.05173756670624985 x_obj_3p0w5wCHcMC2wA_5_ + 0.4644198128091228 x_obj_RQ29DeIMN8D0kg_6_ + 0.9940351540085839 x_obj_3zMlfrBqAuL6iK_7_ + 0.06490084858489875 x_obj_Wn6Ojkvyrqm6Vr_8_ + 0.20462871866845656 x_obj_DU2SS5NyGnHYJO_9_ + 0.7723308400437532 x_obj_tSooYI5ByTAPi_10_ <= 1.4861409542583859
con_con_rfS4nr4l9CGhIa_4_: 0.6200529474285148 x_obj_UZqfFSkV1s8dLn_1_ + 0.6892432459418316 x_obj_g2whFgLDMC1uYY_2_ + 0.7039268052783876 x_obj_qo9Q3SYNTLgl0o_3_ + 0.39717917301687855 x_obj_qEAvTomd2BJow8_4_ + 0.42228024322147717 x_obj_3p0w5wCHcMC2wA_5_ + 0.17353813105783678 x_obj_RQ29DeIMN8D0kg_6_ + 0.9044747256991794 x_obj_3zMlfrBqAuL6iK_7_ + 0.5465493151496945 x_obj_Wn6Ojkvyrqm6Vr_8_ + 0.06355912894159821 x_obj_DU2SS5NyGnHYJO_9_ + 0.15951047553925202 x_obj_tSooYI5ByTAPi_10_ <= 1.8938289939288808
con_con_NCFzo6SBGFTAvZ_5_: 0.18494443287734197 x_obj_UZqfFSkV1s8dLn_1_ + 0.29957410042636345 x_obj_g2whFgLDMC1uYY_2_ + 0.8346467989320254 x_obj_qo9Q3SYNTLgl0o_3_ + 0.5215105205329791 x_obj_qEAvTomd2BJow8_4_ + 0.05613022271740675 x_obj_3p0w5wCHcMC2wA_5_ + 0.6157790507198231 x_obj_RQ29DeIMN8D0kg_6_ + 0.8197352392722186 x_obj_3zMlfrBqAuL6iK_7_ + 0.14437527133128025 x_obj_Wn6Ojkvyrqm6Vr_8_ + 0.5905675165035995 x_obj_DU2SS5NyGnHYJO_9_ + 0.1140997949917053 x_obj_tSooYI5ByTAPi_10_ <= 1.9904147511511618
Bounds
x_obj_UZqfFSkV1s8dLn_1_ <= 1
x_obj_g2whFgLDMC1uYY_2_ <= 1
x_obj_qo9Q3SYNTLgl0o_3_ <= 1
x_obj_qEAvTomd2BJow8_4_ <= 1
x_obj_3p0w5wCHcMC2wA_5_ <= 1
x_obj_RQ29DeIMN8D0kg_6_ <= 1
x_obj_3zMlfrBqAuL6iK_7_ <= 1
x_obj_Wn6Ojkvyrqm6Vr_8_ <= 1
x_obj_DU2SS5NyGnHYJO_9_ <= 1
x_obj_tSooYI5ByTAPi_10_ <= 1
x_obj_UZqfFSkV1s8dLn_1_ >= 0
x_obj_g2whFgLDMC1uYY_2_ >= 0
x_obj_qo9Q3SYNTLgl0o_3_ >= 0
x_obj_qEAvTomd2BJow8_4_ >= 0
x_obj_3p0w5wCHcMC2wA_5_ >= 0
x_obj_RQ29DeIMN8D0kg_6_ >= 0
x_obj_3zMlfrBqAuL6iK_7_ >= 0
x_obj_Wn6Ojkvyrqm6Vr_8_ >= 0
x_obj_DU2SS5NyGnHYJO_9_ >= 0
x_obj_tSooYI5ByTAPi_10_ >= 0
End
